[Blending]
Ca=1.000000
Ea=1.000000
NEa=1.000000
NWa=1.000000
Na=1.000000
SEa=1.000000
SWa=1.000000
Sa=1.000000
Wa=1.000000
[Color]
b=1.0000
g=1.0000
r=1.0000
[General]
Child=edgeBlendingDrawer.exe
PillowRec=4
Prefix=prefix
QuadRec=1
SmoothLen=0.01000
fps=60
method=gdi
title=Bumpmap Demo ©2004 by Sascha Willems (www.delphigl.de)
virtualDesktop=false
[Geometry]
Cx=885.000000
Cy=500.000000
Ex=1733.000000
Ey=616.000000
NEx=1566.000000
NEy=976.000000
NWx=252.000000
NWy=931.000000
Nx=946.000000
Ny=853.000000
SEx=1718.000000
SEy=65.000000
SWx=75.000000
SWy=64.000000
Sx=905.000000
Sy=164.000000
Wx=129.000000
Wy=527.000000
